Steps: 500	loss: 4.02031	acc: 0.09007	ppl: 55.71838	LR: 0.00030000	*
Steps: 1000	loss: 3.91463	acc: 0.09390	ppl: 50.13073	LR: 0.00030000	*
